3.000000	2.814462e-07	3.551460e-07	1.828581e-03	5.831839e-04	3.560428e+01
3.800000	1.635721e-07	2.627517e-07	1.726914e-04	1.259870e-04	1.205873e+01
4.600000	1.038252e-07	2.082879e-07	2.075225e-05	2.842336e-05	4.153426e+00
5.400000	6.988673e-08	1.724983e-07	2.964714e-06	6.544967e-06	1.460283e+00
6.200000	4.903348e-08	1.472112e-07	5.063160e-07	1.521353e-06	5.493271e-01
7.000000	3.546514e-08	1.284029e-07	9.692147e-08	3.561438e-07	2.135551e-01
7.800000	2.624477e-08	1.138679e-07	2.091845e-08	8.374022e-08	8.788840e-02
8.600000	1.976293e-08	1.022982e-07	4.149318e-09	1.973906e-08	3.160275e-02
9.400000	1.508143e-08	9.286989e-08	9.430784e-10	4.663144e-09	1.250316e-02
10.200000	1.162552e-08	8.504177e-08	2.390548e-10	1.104203e-09	5.338891e-03
11.000000	9.028415e-09	7.843108e-08	5.740524e-11	2.623263e-10	2.104274e-03
11.800000	7.047916e-09	7.277715e-08	1.403081e-11	6.264338e-11	8.279335e-04
12.600000	5.519402e-09	6.788595e-08	3.310785e-12	1.504311e-11	3.097772e-04
13.400000	4.328155e-09	6.361262e-08	9.726172e-13	3.635674e-12	1.427430e-04
14.200000	3.392489e-09	5.984684e-08	3.066550e-14	8.851263e-13	7.012301e-06
15.000000	2.653131e-09	5.650312e-08	5.899198e-14	2.172731e-13	2.097184e-05
15.800000	2.066344e-09	5.351414e-08	1.838519e-14	5.382335e-14	1.019112e-05
16.600000	1.599378e-09	5.082621e-08	4.517111e-15	1.346298e-14	3.941200e-06
17.400000	1.227381e-09	4.839596e-08	9.802185e-16	3.398781e-15	1.371043e-06
18.200000	9.312698e-10	4.618797e-08	3.201026e-16	8.643517e-16	7.411724e-07
18.840000	7.389518e-10	4.456181e-08	1.101858e-16	2.888067e-16	3.957968e-07
19.480000	5.795926e-10	4.304647e-08	2.124453e-17	9.527811e-17	1.243559e-07
20.120000	4.481695e-10	4.163099e-08	6.842950e-18	3.042254e-17	7.064625e-08
20.760000	3.405035e-10	4.030579e-08	2.418177e-18	8.886355e-18	5.048769e-08
21.400000	2.531006e-10	3.906249e-08	4.239029e-19	2.024889e-18	2.429016e-08
22.040000	1.830264e-10	3.789372e-08	5.858112e-21	3.889619e-20	1.159161e-08
22.680000	1.278059e-10	3.679296e-08	4.496232e-20	3.763933e-19	6.528186e-09
23.320000	8.534343e-11	3.575444e-08	2.690239e-20	3.442629e-19	3.261702e-09
23.960000	5.385806e-11	3.477302e-08	7.777406e-21	2.236337e-19	1.208186e-09
24.600000	3.185222e-11	3.384410e-08	3.360821e-21	1.221036e-19	8.708748e-10
25.240000	2.029995e-11	3.296359e-08	1.206241e-21	7.598296e-20	4.140449e-10
25.880000	1.623247e-11	3.212779e-08	8.383389e-22	6.335387e-20	2.127009e-10
26.520000	1.484115e-11	3.133338e-08	6.659564e-22	5.585201e-20	1.031743e-10
27.160000	1.263723e-11	3.057734e-08	4.084738e-22	4.320523e-20	4.940664e-11
27.800000	1.042447e-11	2.985698e-08	2.773720e-22	3.187764e-20	2.898721e-11
28.440000	9.064113e-12	2.916981e-08	1.874703e-22	2.468081e-20	1.545008e-11
29.080000	8.451263e-12	2.851359e-08	8.634118e-23	2.047461e-20	4.921744e-12
29.720000	8.494166e-12	2.788627e-08	1.099916e-22	1.829528e-20	3.768029e-12
30.520000	9.348363e-12	2.713994e-08	1.070386e-22	1.741435e-20	1.633332e-12
31.320000	1.096627e-11	2.643255e-08	1.205714e-22	1.770064e-20	7.249455e-13
32.120000	1.323201e-11	2.576114e-08	1.245944e-22	1.854126e-20	2.795016e-13
32.920000	1.604653e-11	2.512301e-08	1.609103e-22	1.955945e-20	1.332816e-13
33.720000	1.932499e-11	2.451576e-08	1.914935e-22	2.048045e-20	5.960854e-14
34.520000	2.299456e-11	2.393720e-08	2.223834e-22	2.124006e-20	2.658027e-14
35.320000	2.699259e-11	2.338533e-08	0.000000e+00	2.189618e-20	0.000000e+00
36.120000	3.126512e-11	2.285836e-08	2.507900e-22	2.235694e-20	4.642550e-15
36.920000	3.576559e-11	2.235463e-08	0.000000e+00	2.262421e-20	0.000000e+00
37.720000	4.045375e-11	2.187263e-08	3.080443e-22	2.278690e-20	9.488145e-16
38.520000	4.529483e-11	2.141100e-08	0.000000e+00	2.276911e-20	0.000000e+00
39.320000	5.025870e-11	2.096846e-08	0.000000e+00	2.264681e-20	0.000000e+00
40.120000	5.531927e-11	2.054385e-08	1.592596e-22	2.244286e-20	3.678741e-17
40.920000	6.045392e-11	2.013611e-08	3.258711e-22	2.212557e-20	3.242718e-17
41.720000	6.564304e-11	1.974425e-08	0.000000e+00	2.176656e-20	0.000000e+00
42.520000	7.086964e-11	1.936736e-08	0.000000e+00	2.136169e-20	0.000000e+00
43.320000	7.611899e-11	1.900459e-08	0.000000e+00	2.089373e-20	0.000000e+00
44.120000	8.137832e-11	1.865517e-08	0.000000e+00	2.041231e-20	0.000000e+00
44.920000	8.663658e-11	1.831837e-08	0.000000e+00	1.991840e-20	0.000000e+00
45.720000	9.188423e-11	1.799353e-08	0.000000e+00	1.939334e-20	0.000000e+00
46.520000	9.711302e-11	1.768001e-08	0.000000e+00	1.886135e-20	0.000000e+00
47.320000	1.023158e-10	1.737723e-08	0.000000e+00	1.834390e-20	0.000000e+00
48.120000	1.074866e-10	1.708465e-08	0.000000e+00	1.781425e-20	0.000000e+00
48.920000	1.126201e-10	1.680177e-08	0.000000e+00	1.727763e-20	0.000000e+00
49.720000	1.177118e-10	1.652811e-08	0.000000e+00	1.676856e-20	0.000000e+00
