3.000000	3.163199e-06	7.219668e-08	7.261122e-03	1.154964e-06	1.410955e+02
3.800000	1.824498e-06	5.386937e-08	8.744747e-04	2.579616e-07	6.246625e+01
4.600000	1.148646e-06	4.291346e-08	1.041667e-04	5.959711e-08	2.173607e+01
5.400000	7.663775e-07	3.565230e-08	1.985221e-05	1.402653e-08	1.039030e+01
6.200000	5.325814e-07	3.049259e-08	2.217153e-06	3.357321e-09	2.627592e+00
7.000000	3.812230e-07	2.663923e-08	5.597145e-07	8.142116e-10	1.394425e+00
7.800000	2.789293e-07	2.365237e-08	2.849449e-08	1.997848e-10	1.412465e-01
8.600000	2.074476e-07	2.126935e-08	1.709452e-08	4.955299e-11	1.617456e-01
9.400000	1.561592e-07	1.932379e-08	6.180089e-09	1.243477e-11	1.082945e-01
10.200000	1.185723e-07	1.770604e-08	1.406503e-09	3.156487e-12	4.463181e-02
11.000000	9.055323e-08	1.633819e-08	2.275258e-10	8.115990e-13	1.288207e-02
11.800000	6.937840e-08	1.516710e-08	6.957079e-12	2.103533e-13	6.928794e-04
12.600000	5.320101e-08	1.415310e-08	1.989797e-11	5.492235e-14	3.451852e-03
13.400000	4.073720e-08	1.326653e-08	4.558197e-13	1.446447e-14	1.372748e-04
14.200000	3.107511e-08	1.248474e-08	8.359606e-13	3.846589e-15	4.386734e-04
15.000000	2.355482e-08	1.179018e-08	9.886769e-14	1.033426e-15	9.148238e-05
15.800000	1.769075e-08	1.116899e-08	6.089672e-15	2.811885e-16	1.018247e-05
16.600000	1.312033e-08	1.061011e-08	6.595476e-15	7.590791e-17	2.044428e-05
17.400000	9.569278e-09	1.010461e-08	1.027783e-15	2.001503e-17	6.197287e-06
18.200000	6.827632e-09	9.645167e-09	1.766205e-16	5.001110e-18	2.275723e-06
18.840000	5.106683e-09	9.306694e-09	1.686705e-16	1.501003e-18	4.550382e-06
19.480000	3.732810e-09	8.991211e-09	3.402460e-18	3.591197e-19	2.514413e-07
20.120000	2.651273e-09	8.696451e-09	2.787122e-19	2.328729e-20	2.192127e-07
20.760000	1.816667e-09	8.420434e-09	2.306021e-18	5.173944e-20	5.952800e-07
21.400000	1.191149e-09	8.161424e-09	1.457153e-18	4.987861e-20	3.046907e-07
22.040000	7.430418e-10	7.917896e-09	5.232002e-19	3.321879e-20	1.371685e-07
22.680000	4.581934e-10	7.688500e-09	1.203296e-19	2.036440e-20	4.369430e-08
23.320000	3.336788e-10	7.472040e-09	1.215024e-19	1.612210e-20	3.776278e-08
23.960000	2.841909e-10	7.267449e-09	1.001338e-19	1.399908e-20	2.027145e-08
24.600000	2.395623e-10	7.073777e-09	7.225186e-20	1.112145e-20	1.079971e-08
25.240000	1.943849e-10	6.890172e-09	3.766016e-20	8.252649e-21	4.753781e-09
25.880000	1.675195e-10	6.715867e-09	2.926488e-20	6.455610e-21	2.813736e-09
26.520000	1.565044e-10	6.550173e-09	2.063261e-21	5.457922e-21	1.302632e-10
27.160000	1.592146e-10	6.392467e-09	6.326943e-21	5.023318e-21	2.235189e-10
27.800000	1.738111e-10	6.242184e-09	1.795888e-20	4.968223e-21	3.104834e-10
28.440000	1.986987e-10	6.098812e-09	2.182395e-20	5.155695e-21	1.690235e-10
29.080000	2.324911e-10	5.961884e-09	3.076171e-20	5.488163e-21	1.019728e-10
29.720000	2.739809e-10	5.830976e-09	2.896248e-20	5.896548e-21	4.048246e-11
30.520000	3.350756e-10	5.675215e-09	3.828384e-20	6.442897e-21	1.828739e-11
31.320000	4.047906e-10	5.527566e-09	5.770757e-20	6.974864e-21	9.626492e-12
32.120000	4.816263e-10	5.387411e-09	6.274250e-20	7.458067e-21	3.756291e-12
32.920000	5.643100e-10	5.254193e-09	7.931378e-20	7.873576e-21	1.752368e-12
33.720000	6.517597e-10	5.127410e-09	9.770698e-20	8.215135e-21	8.174206e-13
34.520000	7.430539e-10	5.006605e-09	1.025135e-19	8.480379e-21	3.324553e-13
35.320000	8.374068e-10	4.891365e-09	1.160587e-19	8.673743e-21	1.489154e-13
36.120000	9.341478e-10	4.781315e-09	1.029457e-19	8.800558e-21	5.320766e-14
36.920000	1.032704e-09	4.676111e-09	0.000000e+00	8.866235e-21	0.000000e+00
37.720000	1.132586e-09	4.575439e-09	0.000000e+00	8.879860e-21	0.000000e+00
38.520000	1.233374e-09	4.479013e-09	0.000000e+00	8.846599e-21	0.000000e+00
39.320000	1.334712e-09	4.386571e-09	0.000000e+00	8.773800e-21	0.000000e+00
40.120000	1.436294e-09	4.297868e-09	0.000000e+00	8.668803e-21	0.000000e+00
40.920000	1.537859e-09	4.212684e-09	0.000000e+00	8.534755e-21	0.000000e+00
41.720000	1.639185e-09	4.130813e-09	0.000000e+00	8.378498e-21	0.000000e+00
42.520000	1.740083e-09	4.052065e-09	0.000000e+00	8.205052e-21	0.000000e+00
43.320000	1.840392e-09	3.976265e-09	0.000000e+00	8.015889e-21	0.000000e+00
44.120000	1.939977e-09	3.903250e-09	0.000000e+00	7.816226e-21	0.000000e+00
44.920000	2.038724e-09	3.832869e-09	0.000000e+00	7.609468e-21	0.000000e+00
45.720000	2.136537e-09	3.764982e-09	0.000000e+00	7.396327e-21	0.000000e+00
46.520000	2.233337e-09	3.699460e-09	0.000000e+00	7.179737e-21	0.000000e+00
47.320000	2.329057e-09	3.636180e-09	0.000000e+00	6.962371e-21	0.000000e+00
48.120000	2.423644e-09	3.575029e-09	0.000000e+00	6.744962e-21	0.000000e+00
48.920000	2.517054e-09	3.515902e-09	0.000000e+00	6.527842e-21	0.000000e+00
49.720000	2.609254e-09	3.458699e-09	0.000000e+00	6.313651e-21	0.000000e+00
